# @120degrees Input Voltage, Output Voltage
2.600000000000000089e+00 2.280962232358518804e-02
2.625000000000000000e+00 1.771126053940363931e-02
2.649999999999999911e+00 1.261289875522031423e-02
2.674999999999999822e+00 7.514536971038765500e-03
2.699999999999999734e+00 7.514536971038765500e-03
2.724999999999999645e+00 7.514536971038765500e-03
2.749999999999999556e+00 7.514536971038765500e-03
2.774999999999999467e+00 1.771126053940363931e-02
2.799999999999999378e+00 7.889160194958755312e-02
2.824999999999999289e+00 3.083178822377767858e-01
2.849999999999999201e+00 3.081826692832782655e+00
2.874999999999999112e+00 6.142195892886963549e-01
2.899999999999999023e+00 2.165473701225000269e-01
2.924999999999998934e+00 1.094817726546786218e-01
2.949999999999998845e+00 4.830143124449470804e-02
2.974999999999998757e+00 2.790798410776673677e-02
2.999999999999998668e+00 2.280962232358518804e-02
3.024999999999998579e+00 1.771126053940363931e-02
3.049999999999998490e+00 1.261289875522031423e-02
3.074999999999998401e+00 1.261289875522031423e-02
3.099999999999998312e+00 1.261289875522031423e-02
