
1.350000000000000000e+01 2.000000000000000111e-01 
2.635000000000000142e+01 4.000000000000000222e-01 
3.900000000000000000e+01 6.000000000000000888e-01 
5.170000000000000284e+01 8.000000000000000444e-01 
6.445000000000000284e+01 1.000000000000000000e+00 
7.723000000000000398e+01 1.199999999999999956e+00 
8.998999999999999488e+01 1.399999999999999911e+00 
1.026500000000000057e+02 1.599999999999999867e+00 
1.151700000000000017e+02 1.799999999999999822e+00 
1.278599999999999994e+02 1.999999999999999778e+00
1.406399999999999864e+02 2.199999999999999734e+00 
1.535600000000000023e+02 2.399999999999999911e+00 
1.568300000000000125e+02 2.449999999999999734e+00 
1.601899999999999977e+02 2.499999999999999556e+00 
1.632800000000000011e+02 2.549999999999999378e+00 
1.666200000000000045e+02 2.599999999999999201e+00 
1.698499999999999943e+02 2.649999999999999023e+00 
1.730099999999999909e+02 2.699999999999998845e+00 
1.772500000000000000e+02 2.749999999999998668e+00 
1.795600000000000023e+02 2.799999999999998490e+00 
1.826800000000000068e+02 2.849999999999998312e+00 
1.859399999999999977e+02 2.899999999999998135e+00  
1.923600000000000136e+02 3.000000000000000444e+00 
2.051500000000000057e+02 3.200000000000000622e+00 
2.177400000000000091e+02 3.400000000000000799e+00 
2.304199999999999875e+02 3.600000000000000977e+00 
2.431399999999999864e+02 3.800000000000001155e+00 
2.560899999999999750e+02 4.000000000000000888e+00 
2.690099999999999909e+02 4.200000000000001066e+00 
2.816200000000000045e+02 4.400000000000001243e+00 
2.944200000000000159e+02 4.600000000000001421e+00 
3.074399999999999977e+02 4.800000000000001599e+00

