# @120degrees Driver Frequency Hone2, Input Voltage, Output Voltage

1.612199999999999989e+02 2.519999999999999574e+00 8.852429599867761567e-03
1.618899999999999864e+02 2.529999999999999361e+00 1.140261703419032102e-02
1.625300000000000011e+02 2.539999999999999147e+00 1.312614264473301873e-01
1.632199999999999989e+02 2.549999999999998934e+00 3.786296075765767100e-01
1.639199999999999875e+02 2.559999999999998721e+00 8.172618462799832173e-01
1.646299999999999955e+02 2.569999999999998508e+00 9.039682190469351397e-01
1.652700000000000102e+02 2.579999999999998295e+00 8.045109091083721964e-01
1.668899999999999864e+02 2.589999999999998082e+00 7.178045363414202740e-01
1.671699999999999875e+02 2.599999999999997868e+00 5.953955394939578483e-01
1.678000000000000114e+02 2.609999999999997655e+00 4.755367300808170938e-01
1.684000000000000057e+02 2.619999999999997442e+00 3.199752965871676125e-01
1.691100000000000136e+02 2.629999999999997229e+00 1.593134882248730122e-01
1.697599999999999909e+02 2.639999999999997016e+00 6.750674058927685905e-02
1.704499999999999886e+02 2.649999999999996803e+00 1.140261703419032102e-02


