# @30degrees Driver Frequency Hone2, Input Voltage, Output Voltage
1.632199999999999989e+02 2.549999999999999822e+00 8.852429599867761567e-03
1.639199999999999875e+02 2.559999999999999609e+00 1.140261703419032102e-02
1.646299999999999955e+02 2.569999999999999396e+00 8.535805262953211070e-02
1.652700000000000102e+02 2.579999999999999183e+00 2.230681740829263404e-01
1.668899999999999864e+02 2.589999999999998970e+00 5.341910410702261913e-01
1.671699999999999875e+02 2.599999999999998757e+00 1.554266014799078555e+00
1.678000000000000114e+02 2.609999999999998543e+00 1.755730822110527001e+00
1.684000000000000057e+02 2.619999999999998330e+00 1.722578385464339057e+00
1.691100000000000136e+02 2.629999999999998117e+00 1.217641273468557550e+00
1.697599999999999909e+02 2.639999999999997904e+00 9.294700933901562934e-01
1.704499999999999886e+02 2.649999999999997691e+00 6.463992881804001556e-01
1.710500000000000114e+02 2.659999999999997478e+00 3.735292327079324792e-01
1.716699999999999875e+02 2.669999999999997264e+00 2.026666746083494175e-01
1.723100000000000023e+02 2.679999999999997051e+00 8.280786519520955125e-02
1.730300000000000011e+02 2.689999999999996838e+00 1.395280446851199230e-02
1.736100000000000136e+02 2.699999999999996625e+00 6.302242165546090291e-03

