# @90degrees Driver Frequency Hone2, Input Voltage, Output Voltage
1.618899999999999864e+02 2.529999999999999361e+00 3.752054731223530837e-03
1.625300000000000011e+02 2.539999999999999147e+00 1.140261703419032102e-02
1.632199999999999989e+02 2.549999999999998934e+00 7.260711545792108979e-02
1.639199999999999875e+02 2.559999999999998721e+00 2.128674243456378790e-01
1.646299999999999955e+02 2.569999999999998508e+00 6.668007876549770785e-01
1.652700000000000102e+02 2.579999999999998295e+00 1.199789961428302298e+00
1.668899999999999864e+02 2.589999999999998082e+00 1.169187712216436914e+00
1.671699999999999875e+02 2.599999999999997868e+00 1.005975716419820642e+00
1.678000000000000114e+02 2.609999999999997655e+00 9.473214054304115450e-01
1.684000000000000057e+02 2.619999999999997442e+00 7.790090347651510427e-01
1.691100000000000136e+02 2.629999999999997229e+00 5.443917908075146528e-01
1.697599999999999909e+02 2.639999999999997016e+00 3.327262337587786334e-01
1.704499999999999886e+02 2.649999999999996803e+00 1.746146128308065926e-01
1.710500000000000114e+02 2.659999999999996589e+00 7.005692802359853033e-02
1.716699999999999875e+02 2.669999999999996376e+00 1.395280446851199230e-02

