# @60degrees Driver Frequency Hone2, Input Voltage, Output Voltage
1.632199999999999989e+02 2.549999999999999822e+00 1.905317933715622303e-02
1.639199999999999875e+02 2.559999999999999609e+00 7.515730289224276106e-02
1.646299999999999955e+02 2.569999999999999396e+00 2.409194861231815921e-01
1.652700000000000102e+02 2.579999999999999183e+00 6.795517248265880994e-01
1.668899999999999864e+02 2.589999999999998970e+00 1.021276841025753335e+00
1.671699999999999875e+02 2.599999999999998757e+00 1.087581714318128334e+00
1.678000000000000114e+02 2.609999999999998543e+00 9.651727174706667967e-01
1.684000000000000057e+02 2.619999999999998330e+00 8.606150326634587344e-01
1.691100000000000136e+02 2.629999999999998117e+00 7.050535991698092531e-01
1.697599999999999909e+02 2.639999999999997904e+00 5.316408536359045200e-01
1.704499999999999886e+02 2.649999999999997691e+00 3.429269834960670948e-01
1.710500000000000114e+02 2.659999999999997478e+00 2.001164871740277462e-01
1.716699999999999875e+02 2.669999999999997264e+00 1.006591772354648029e-01
1.723100000000000023e+02 2.679999999999997051e+00 3.945467881173314595e-02





