# @60degrees Driver Frequency Hone2, Input Voltage, Output Voltage
8.968000000000000682e+01 1.399999999999999911e+00 2.416175186857216772e-03
8.996999999999999886e+01 1.404999999999999805e+00 2.416175186857216772e-03
9.031000000000000227e+01 1.409999999999999698e+00 2.522359026117744207e-01
9.060999999999999943e+01 1.414999999999999591e+00 7.514536971038765500e-03
9.103000000000000114e+01 1.419999999999999485e+00 2.416175186857216772e-03
9.131000000000000227e+01 1.424999999999999378e+00 2.416175186857216772e-03
9.164000000000000057e+01 1.429999999999999272e+00 2.416175186857216772e-03
9.195000000000000284e+01 1.434999999999999165e+00 2.416175186857216772e-03
9.225000000000000000e+01 1.439999999999999059e+00 2.416175186857216772e-03
9.256000000000000227e+01 1.444999999999998952e+00 2.416175186857216772e-03
9.289000000000000057e+01 1.449999999999998845e+00 2.416175186857216772e-03
9.321999999999999886e+01 1.454999999999998739e+00 2.416175186857216772e-03
9.353000000000000114e+01 1.459999999999998632e+00 2.416175186857216772e-03
9.381000000000000227e+01 1.464999999999998526e+00 2.416175186857216772e-03
9.412999999999999545e+01 1.469999999999998419e+00 2.416175186857216772e-03
9.445000000000000284e+01 1.474999999999998312e+00 2.416175186857216772e-03
9.476999999999999602e+01 1.479999999999998206e+00 2.416175186857216772e-03
9.506999999999999318e+01 1.484999999999998099e+00 2.416175186857216772e-03
9.537000000000000455e+01 1.489999999999997993e+00 2.416175186857216772e-03
9.576999999999999602e+01 1.494999999999997886e+00 2.416175186857216772e-03
9.609999999999999432e+01 1.499999999999997780e+00 2.416175186857216772e-03
