# @90degrees Input Voltage, Output Voltage
2.700000000000000178e+00 2.416175186857216772e-03
2.702500000000000124e+00 2.416175186857216772e-03
2.705000000000000071e+00 2.416175186857216772e-03
2.707500000000000018e+00 2.416175186857216772e-03
2.709999999999999964e+00 2.416175186857216772e-03
2.712499999999999911e+00 2.416175186857216772e-03
2.714999999999999858e+00 2.416175186857216772e-03
2.717499999999999805e+00 2.416175186857216772e-03
2.719999999999999751e+00 2.416175186857216772e-03
2.722499999999999698e+00 2.416175186857216772e-03
2.724999999999999645e+00 2.416175186857216772e-03
2.727499999999999591e+00 2.416175186857216772e-03
2.729999999999999538e+00 2.416175186857216772e-03
2.732499999999999485e+00 2.416175186857216772e-03
2.734999999999999432e+00 2.416175186857216772e-03
2.737499999999999378e+00 2.416175186857216772e-03
2.739999999999999325e+00 2.416175186857216772e-03
2.742499999999999272e+00 2.416175186857216772e-03
2.744999999999999218e+00 2.416175186857216772e-03
2.747499999999999165e+00 2.416175186857216772e-03
2.749999999999999112e+00 2.416175186857216772e-03
2.752499999999999059e+00 2.416175186857216772e-03
2.754999999999999005e+00 2.416175186857216772e-03
2.757499999999998952e+00 2.416175186857216772e-03
2.759999999999998899e+00 2.416175186857216772e-03
2.762499999999998845e+00 2.416175186857216772e-03
2.764999999999998792e+00 2.416175186857216772e-03
2.767499999999998739e+00 2.416175186857216772e-03
2.769999999999998685e+00 2.416175186857216772e-03
2.772499999999998632e+00 2.416175186857216772e-03
2.774999999999998579e+00 2.416175186857216772e-03
2.777499999999998526e+00 2.416175186857216772e-03
2.779999999999998472e+00 2.416175186857216772e-03
2.782499999999998419e+00 2.416175186857216772e-03
2.784999999999998366e+00 2.416175186857216772e-03
2.787499999999998312e+00 2.416175186857216772e-03
2.789999999999998259e+00 2.416175186857216772e-03
2.792499999999998206e+00 2.416175186857216772e-03
2.794999999999998153e+00 2.416175186857216772e-03
2.797499999999998099e+00 2.416175186857216772e-03
2.799999999999998046e+00 2.416175186857216772e-03
2.802499999999997993e+00 2.416175186857216772e-03
2.804999999999997939e+00 2.416175186857216772e-03
2.807499999999997886e+00 2.416175186857216772e-03
2.809999999999997833e+00 2.416175186857216772e-03
2.812499999999997780e+00 2.416175186857216772e-03
2.814999999999997726e+00 2.416175186857216772e-03
2.817499999999997673e+00 2.416175186857216772e-03
2.819999999999997620e+00 2.416175186857216772e-03
2.822499999999997566e+00 1.261289875522031423e-02
2.824999999999997513e+00 4.320306946031315931e-02
2.827499999999997460e+00 7.889160194958755312e-02
2.829999999999997407e+00 1.196784962230434957e-01
2.832499999999997353e+00 1.655637522806809869e-01
2.834999999999997300e+00 2.318424554750464495e-01
2.837499999999997247e+00 3.134162440219583345e-01
2.839999999999997193e+00 4.255802032739630647e-01
2.842499999999997140e+00 5.785310567994219610e-01
2.844999999999997087e+00 8.130556988717945188e-01
2.847499999999997033e+00 1.047580340944165300e+00
2.849999999999996980e+00 1.460547645462908051e+00
2.852499999999996927e+00 2.031564165291291246e+00
2.854999999999996874e+00 2.337465872342210815e+00
2.857499999999996820e+00 2.714744644371679172e+00
2.859999999999996767e+00 2.832006965407865451e+00
2.862499999999996714e+00 2.862597136112956520e+00
2.864999999999996660e+00 2.755531538645135115e+00
2.867499999999996607e+00 2.653564302961495258e+00
2.869999999999996554e+00 2.169219933464205496e+00
2.872499999999996501e+00 1.715465734672008580e+00
2.874999999999996447e+00 1.241318088743081915e+00
2.877499999999996394e+00 1.022088532023255780e+00
2.879999999999996341e+00 8.691376784977968839e-01
2.882499999999996287e+00 7.518753574616106050e-01
2.884999999999996234e+00 6.397113982096058749e-01
2.887499999999996181e+00 5.530392478785124410e-01
2.889999999999996128e+00 4.816621828999636534e-01
2.892499999999996074e+00 4.204818414897797396e-01
2.894999999999996021e+00 3.593015000795958258e-01
2.897499999999995968e+00 3.032195204535952371e-01
2.899999999999995914e+00 2.471375408275928720e-01
2.902499999999995861e+00 1.961539229857720557e-01
2.904999999999995808e+00 1.553670287123161131e-01
2.907499999999995755e+00 1.196784962230434957e-01
2.909999999999995701e+00 8.398996373376910185e-02
2.912499999999995648e+00 5.339979302867625677e-02
2.914999999999995595e+00 3.810470767613161058e-02
2.917499999999995541e+00 2.280962232358518804e-02
2.919999999999995488e+00 1.771126053940363931e-02
2.922499999999995435e+00 1.261289875522031423e-02
2.924999999999995381e+00 1.261289875522031423e-02
2.927499999999995328e+00 1.261289875522031423e-02
2.929999999999995275e+00 7.514536971038765500e-03
2.932499999999995222e+00 7.514536971038765500e-03
2.934999999999995168e+00 7.514536971038765500e-03
2.937499999999995115e+00 7.514536971038765500e-03
2.939999999999995062e+00 7.514536971038765500e-03
2.942499999999995008e+00 2.416175186857216772e-03
2.944999999999994955e+00 7.514536971038765500e-03
2.947499999999994902e+00 7.514536971038765500e-03
2.949999999999994849e+00 2.416175186857216772e-03
2.952499999999994795e+00 7.514536971038765500e-03
2.954999999999994742e+00 7.514536971038765500e-03
2.957499999999994689e+00 7.514536971038765500e-03
2.959999999999994635e+00 7.514536971038765500e-03
2.962499999999994582e+00 2.416175186857216772e-03
2.964999999999994529e+00 7.514536971038765500e-03
2.967499999999994476e+00 7.514536971038765500e-03
2.969999999999994422e+00 7.514536971038765500e-03
2.972499999999994369e+00 2.416175186857216772e-03
2.974999999999994316e+00 7.514536971038765500e-03
2.977499999999994262e+00 2.416175186857216772e-03
2.979999999999994209e+00 2.416175186857216772e-03
2.982499999999994156e+00 2.416175186857216772e-03
2.984999999999994102e+00 2.416175186857216772e-03
2.987499999999994049e+00 2.416175186857216772e-03
2.989999999999993996e+00 2.416175186857216772e-03
2.992499999999993943e+00 2.416175186857216772e-03
2.994999999999993889e+00 2.416175186857216772e-03
2.997499999999993836e+00 2.416175186857216772e-03
2.999999999999993783e+00 2.416175186857216772e-03
3.002499999999993729e+00 7.514536971038765500e-03
3.004999999999993676e+00 2.416175186857216772e-03
3.007499999999993623e+00 2.416175186857216772e-03
3.009999999999993570e+00 2.416175186857216772e-03
3.012499999999993516e+00 2.416175186857216772e-03
3.014999999999993463e+00 2.416175186857216772e-03
3.017499999999993410e+00 2.416175186857216772e-03
3.019999999999993356e+00 2.416175186857216772e-03
3.022499999999993303e+00 2.416175186857216772e-03
3.024999999999993250e+00 2.416175186857216772e-03
3.027499999999993197e+00 2.416175186857216772e-03
3.029999999999993143e+00 2.416175186857216772e-03
3.032499999999993090e+00 2.416175186857216772e-03
3.034999999999993037e+00 2.416175186857216772e-03
3.037499999999992983e+00 2.416175186857216772e-03
3.039999999999992930e+00 2.416175186857216772e-03
3.042499999999992877e+00 2.416175186857216772e-03
3.044999999999992824e+00 2.416175186857216772e-03
3.047499999999992770e+00 2.416175186857216772e-03
3.049999999999992717e+00 2.416175186857216772e-03
3.052499999999992664e+00 2.416175186857216772e-03
3.054999999999992610e+00 2.416175186857216772e-03
3.057499999999992557e+00 2.416175186857216772e-03
3.059999999999992504e+00 2.416175186857216772e-03
3.062499999999992450e+00 -2.682186597326108313e-03
3.064999999999992397e+00 -2.682186597326108313e-03
3.067499999999992344e+00 2.416175186857216772e-03
3.069999999999992291e+00 2.416175186857216772e-03
3.072499999999992237e+00 2.416175186857216772e-03
3.074999999999992184e+00 2.416175186857216772e-03
3.077499999999992131e+00 2.416175186857216772e-03
3.079999999999992077e+00 2.416175186857216772e-03
3.082499999999992024e+00 2.416175186857216772e-03
3.084999999999991971e+00 2.416175186857216772e-03
3.087499999999991918e+00 2.416175186857216772e-03
3.089999999999991864e+00 2.416175186857216772e-03
3.092499999999991811e+00 2.416175186857216772e-03
3.094999999999991758e+00 2.416175186857216772e-03
3.097499999999991704e+00 2.416175186857216772e-03
3.099999999999991651e+00 2.416175186857216772e-03
