# @120degrees Driver Frequency Hone2, Input Voltage, Output Voltage

2.667099999999999795e+02 4.169999999999999929e+00 1.261289875522031423e-02
2.674700000000000273e+02 4.179999999999999716e+00 2.879244351010488145e-01
2.681100000000000136e+02 4.189999999999999503e+00 3.005351266070052318e+00
2.686999999999999886e+02 4.199999999999999289e+00 2.617875770472220864e+00
2.693299999999999841e+02 4.209999999999999076e+00 1.062875426296711723e+00
2.699800000000000182e+02 4.219999999999998863e+00 5.275474389576029211e-01
2.710199999999999818e+02 4.229999999999998650e+00 2.369408172592279982e-01
2.712099999999999795e+02 4.239999999999998437e+00 6.359651659704113058e-02



