# @150degrees Driver Frequency Hone2, Input Voltage, Output Voltage

2.661800000000000068e+02 4.159999999999998366e+00 6.869487838122267931e-02
2.668500000000000227e+02 4.169999999999998153e+00 6.346130364254243261e-01
2.674700000000000273e+02 4.179999999999997939e+00 3.056334883911873135e+00
2.681100000000000136e+02 4.189999999999997726e+00 1.725662458240371677e+00
2.687799999999999727e+02 4.199999999999997513e+00 7.875638899508849988e-01
2.693299999999999841e+02 4.209999999999997300e+00 3.796949472163237971e-01
2.699800000000000182e+02 4.219999999999997087e+00 1.553670287123161131e-01


