# @30degrees Driver Frequency Hone2, Input Voltage, Output Voltage

2.676071237289909400e+02 4.180000000000000000e+00 2.416175186857216772e-03
2.682460720153287500e+02 4.190000000000000000e+00 2.416175186857216772e-03
2.688850203016664800e+02 4.200000000000000000e+00 2.416175186857216772e-03
2.696499999999999773e+02 4.209999999999999964e+00 2.416175186857216772e-03
2.702699999999999818e+02 4.219999999999999751e+00 3.810470767613161058e-02
2.709300000000000068e+02 4.229999999999999538e+00 7.161868249723362112e-01
2.715400000000000205e+02 4.239999999999999325e+00 3.030843074990963615e+00
2.721600000000000250e+02 4.249999999999999112e+00 2.908482392170595787e+00
2.728199999999999932e+02 4.259999999999998899e+00 1.373875495131814617e+00
2.734599999999999795e+02 4.269999999999998685e+00 7.467769956774290563e-01
2.741100000000000136e+02 4.279999999999998472e+00 5.275474389576029211e-01
2.747200000000000273e+02 4.289999999999998259e+00 4.000883943530517683e-01
2.753100000000000023e+02 4.299999999999998046e+00 3.236129675903232084e-01
2.759599999999999795e+02 4.309999999999997833e+00 2.675309879643208433e-01
2.765299999999999727e+02 4.319999999999997620e+00 1.808588376332274095e-01
2.771899999999999977e+02 4.329999999999997407e+00 6.869487838122267931e-02
2.778700000000000045e+02 4.339999999999997193e+00 7.514536971038765500e-03



