# @150degrees Input Voltage, Output Voltage
2.600000000000000089e+00 2.416175186857216772e-03
2.612500000000000266e+00 2.416175186857216772e-03
2.625000000000000444e+00 2.416175186857216772e-03
2.637500000000000622e+00 7.514536971038765500e-03
2.650000000000000799e+00 2.416175186857216772e-03
2.662500000000000977e+00 2.416175186857216772e-03
2.675000000000001155e+00 2.416175186857216772e-03
2.687500000000001332e+00 7.514536971038765500e-03
2.700000000000001510e+00 2.416175186857216772e-03
2.712500000000001688e+00 2.416175186857216772e-03
2.725000000000001865e+00 7.514536971038765500e-03
2.737500000000002043e+00 2.416175186857216772e-03
2.750000000000002220e+00 2.416175186857216772e-03
2.762500000000002398e+00 2.416175186857216772e-03
2.775000000000002576e+00 2.416175186857216772e-03
2.787500000000002753e+00 2.416175186857216772e-03
2.800000000000002931e+00 4.320306946031315931e-02
2.812500000000003109e+00 1.502686669281345644e-01
2.825000000000003286e+00 5.683343332310588636e-01
2.837500000000003464e+00 2.653564302961495258e+00
2.850000000000003642e+00 2.806515156486955931e+00
2.862500000000003819e+00 7.569737192457921537e-01
2.875000000000003997e+00 3.491047765112327284e-01
2.887500000000004174e+00 1.757604758490440844e-01
2.900000000000004352e+00 1.094817726546786218e-01
2.912500000000004530e+00 5.339979302867625677e-02
2.925000000000004707e+00 3.300634589194828550e-02
2.937500000000004885e+00 2.280962232358518804e-02
2.950000000000005063e+00 1.771126053940363931e-02
2.962500000000005240e+00 1.261289875522031423e-02
2.975000000000005418e+00 1.261289875522031423e-02
2.987500000000005596e+00 7.514536971038765500e-03
3.000000000000005773e+00 7.514536971038765500e-03
3.012500000000005951e+00 7.514536971038765500e-03
3.025000000000006128e+00 7.514536971038765500e-03
3.037500000000006306e+00 7.514536971038765500e-03
3.050000000000006484e+00 7.514536971038765500e-03
3.062500000000006661e+00 7.514536971038765500e-03
3.075000000000006839e+00 7.514536971038765500e-03
3.087500000000007017e+00 7.514536971038765500e-03
