# @30degrees Input Voltage, Output Voltage
2.750000000000000000e+00 1.201867296900971382e-03
2.762500000000000178e+00 3.752054731223530837e-03
2.775000000000000355e+00 1.201867296900971382e-03
2.787500000000000533e+00 1.201867296900971382e-03
2.800000000000000711e+00 3.752054731223530837e-03
2.812500000000000888e+00 3.752054731223530837e-03
2.825000000000001066e+00 -1.348320137420699893e-03
2.837500000000001243e+00 1.201867296900971382e-03
2.850000000000001421e+00 3.752054731223530837e-03
2.862500000000001599e+00 1.201867296900971382e-03
2.875000000000001776e+00 1.201867296900971382e-03
2.887500000000001954e+00 1.650299190283455175e-02
2.900000000000002132e+00 2.854861606303364496e+00
2.912500000000002309e+00 2.434696735575041515e-01
2.925000000000002487e+00 1.905317933715622303e-02
2.937500000000002665e+00 8.852429599867761567e-03
2.950000000000002842e+00 6.302242165546090291e-03
2.962500000000003020e+00 3.752054731223530837e-03
2.975000000000003197e+00 3.752054731223530837e-03
2.987500000000003375e+00 3.752054731223530837e-03
3.000000000000003553e+00 3.752054731223530837e-03
3.012500000000003730e+00 3.752054731223530837e-03
3.025000000000003908e+00 1.201867296900971382e-03
3.037500000000004086e+00 1.201867296900971382e-03
3.050000000000004263e+00 1.201867296900971382e-03
3.062500000000004441e+00 3.752054731223530837e-03
3.075000000000004619e+00 1.201867296900971382e-03
3.087500000000004796e+00 3.752054731223530837e-03
