# @60degrees Input Voltage, Output Voltage
2.600000000000000089e+00 2.416175186857216772e-03
2.649999999999999911e+00 2.416175186857216772e-03
2.699999999999999734e+00 7.514536971038765500e-03
2.749999999999999556e+00 2.416175186857216772e-03
2.799999999999999378e+00 1.261289875522031423e-02
2.849999999999999201e+00 6.804982924830618174e-01
2.899999999999999023e+00 3.032195204535952371e-01
2.949999999999998845e+00 2.790798410776673677e-02
2.999999999999998668e+00 1.261289875522031423e-02
3.049999999999998490e+00 7.514536971038765500e-03
3.099999999999998312e+00 7.514536971038765500e-03
3.149999999999998135e+00 7.514536971038765500e-03
3.199999999999997957e+00 7.514536971038765500e-03
3.249999999999997780e+00 7.514536971038765500e-03
3.299999999999997602e+00 2.416175186857216772e-03
3.349999999999997424e+00 7.514536971038765500e-03
3.399999999999997247e+00 2.416175186857216772e-03
