# @90degrees Input Voltage, Output Voltage
2.809999999999997833e+00 2.416175186857216772e-03
2.812499999999997780e+00 2.416175186857216772e-03
2.814999999999997726e+00 2.416175186857216772e-03
2.817499999999997673e+00 2.416175186857216772e-03
2.819999999999997620e+00 2.416175186857216772e-03
2.822499999999997566e+00 1.261289875522031423e-02
2.824999999999997513e+00 4.320306946031315931e-02
2.827499999999997460e+00 7.889160194958755312e-02
2.829999999999997407e+00 1.196784962230434957e-01
2.832499999999997353e+00 1.655637522806809869e-01
2.834999999999997300e+00 2.318424554750464495e-01
2.837499999999997247e+00 3.134162440219583345e-01
2.839999999999997193e+00 4.255802032739630647e-01
2.842499999999997140e+00 5.785310567994219610e-01
2.844999999999997087e+00 8.130556988717945188e-01
2.847499999999997033e+00 1.047580340944165300e+00
2.849999999999996980e+00 1.460547645462908051e+00
2.852499999999996927e+00 2.031564165291291246e+00
2.854999999999996874e+00 2.337465872342210815e+00
2.857499999999996820e+00 2.714744644371679172e+00
2.859999999999996767e+00 2.832006965407865451e+00
2.862499999999996714e+00 2.862597136112956520e+00
2.864999999999996660e+00 2.755531538645135115e+00
2.867499999999996607e+00 2.653564302961495258e+00
2.869999999999996554e+00 2.169219933464205496e+00
2.872499999999996501e+00 1.715465734672008580e+00
2.874999999999996447e+00 1.241318088743081915e+00
2.877499999999996394e+00 1.022088532023255780e+00
2.879999999999996341e+00 8.691376784977968839e-01
2.882499999999996287e+00 7.518753574616106050e-01
2.884999999999996234e+00 6.397113982096058749e-01
2.887499999999996181e+00 5.530392478785124410e-01
2.889999999999996128e+00 4.816621828999636534e-01
2.892499999999996074e+00 4.204818414897797396e-01
2.894999999999996021e+00 3.593015000795958258e-01
2.897499999999995968e+00 3.032195204535952371e-01
2.899999999999995914e+00 2.471375408275928720e-01
2.902499999999995861e+00 1.961539229857720557e-01
2.904999999999995808e+00 1.553670287123161131e-01
2.907499999999995755e+00 1.196784962230434957e-01
2.909999999999995701e+00 8.398996373376910185e-02
2.912499999999995648e+00 5.339979302867625677e-02
2.914999999999995595e+00 3.810470767613161058e-02
2.917499999999995541e+00 2.280962232358518804e-02
2.919999999999995488e+00 1.771126053940363931e-02
2.922499999999995435e+00 1.261289875522031423e-02
2.924999999999995381e+00 1.261289875522031423e-02
2.927499999999995328e+00 1.261289875522031423e-02
2.929999999999995275e+00 7.514536971038765500e-03
2.932499999999995222e+00 7.514536971038765500e-03
2.934999999999995168e+00 7.514536971038765500e-03
2.937499999999995115e+00 7.514536971038765500e-03
2.939999999999995062e+00 7.514536971038765500e-03
2.942499999999995008e+00 2.416175186857216772e-03
2.944999999999994955e+00 7.514536971038765500e-03