# @150degrees Driver Frequency Hone2, Input Voltage, Output Voltage
8.781000000000000227e+01 1.370000000000000107e+00 7.514536971038765500e-03
8.815000000000000568e+01 1.375000000000000000e+00 2.416175186857216772e-03
8.843000000000000682e+01 1.379999999999999893e+00 2.416175186857216772e-03
8.873000000000000398e+01 1.384999999999999787e+00 2.416175186857216772e-03
8.906000000000000227e+01 1.389999999999999680e+00 1.001695084886527809e+00
8.934999999999999432e+01 1.394999999999999574e+00 8.398996373376910185e-02
8.968000000000000682e+01 1.399999999999999467e+00 2.280962232358518804e-02
8.996999999999999886e+01 1.404999999999999361e+00 1.261289875522031423e-02
9.031000000000000227e+01 1.409999999999999254e+00 7.514536971038765500e-03
9.060999999999999943e+01 1.414999999999999147e+00 7.514536971038765500e-03
9.103000000000000114e+01 1.419999999999999041e+00 7.514536971038765500e-03
9.131000000000000227e+01 1.424999999999998934e+00 2.416175186857216772e-03
9.164000000000000057e+01 1.429999999999998828e+00 2.416175186857216772e-03
9.195000000000000284e+01 1.434999999999998721e+00 2.416175186857216772e-03
9.225000000000000000e+01 1.439999999999998614e+00 2.416175186857216772e-03
9.256000000000000227e+01 1.444999999999998508e+00 2.416175186857216772e-03
9.289000000000000057e+01 1.449999999999998401e+00 2.416175186857216772e-03
9.321999999999999886e+01 1.454999999999998295e+00 2.416175186857216772e-03
9.353000000000000114e+01 1.459999999999998188e+00 2.416175186857216772e-03
9.381000000000000227e+01 1.464999999999998082e+00 2.416175186857216772e-03
9.412999999999999545e+01 1.469999999999997975e+00 2.416175186857216772e-03
9.445000000000000284e+01 1.474999999999997868e+00 2.416175186857216772e-03
9.476999999999999602e+01 1.479999999999997762e+00 2.416175186857216772e-03
9.506999999999999318e+01 1.484999999999997655e+00 2.416175186857216772e-03
9.537000000000000455e+01 1.489999999999997549e+00 2.416175186857216772e-03
9.576999999999999602e+01 1.494999999999997442e+00 2.416175186857216772e-03
9.609999999999999432e+01 1.499999999999997335e+00 2.416175186857216772e-03
