# @60degrees Driver Frequency, Input Voltage, Output Voltage
0.000000000000000000e+00 0.000000000000000000e+00 2.416175186857216772e-03
1.350000000000000000e+01 2.000000000000000111e-01 2.416175186857216772e-03
2.635000000000000142e+01 4.000000000000000222e-01 2.416175186857216772e-03
3.900000000000000000e+01 6.000000000000000888e-01 2.416175186857216772e-03
5.170000000000000284e+01 8.000000000000000444e-01 2.416175186857216772e-03
6.445000000000000284e+01 1.000000000000000000e+00 2.416175186857216772e-03
7.723000000000000398e+01 1.199999999999999956e+00 2.416175186857216772e-03
8.998999999999999488e+01 1.399999999999999911e+00 1.771126053940363931e-02
1.026500000000000057e+02 1.599999999999999867e+00 7.514536971038765500e-03
1.151700000000000017e+02 1.799999999999999822e+00 7.514536971038765500e-03
1.278599999999999994e+02 1.999999999999999778e+00 7.514536971038765500e-03
1.406399999999999864e+02 2.199999999999999734e+00 7.514536971038765500e-03
1.535600000000000023e+02 2.399999999999999911e+00 2.416175186857216772e-03
1.655000000000000000e+02 2.600000000000000089e+00 2.416175186857216772e-03
1.794199999999999875e+02 2.800000000000000266e+00 2.416175186857216772e-03
1.923600000000000136e+02 3.000000000000000444e+00 7.514536971038765500e-03
2.051500000000000057e+02 3.200000000000000622e+00 2.416175186857216772e-03
2.177400000000000091e+02 3.400000000000000799e+00 2.416175186857216772e-03
2.304199999999999875e+02 3.600000000000000977e+00 2.416175186857216772e-03
2.431399999999999864e+02 3.800000000000001155e+00 2.416175186857216772e-03
2.560899999999999750e+02 4.000000000000000888e+00 2.416175186857216772e-03
2.690099999999999909e+02 4.200000000000001066e+00 3.745965854321422484e-01
2.816200000000000045e+02 4.400000000000001243e+00 2.790798410776673677e-02
2.944200000000000159e+02 4.600000000000001421e+00 1.261289875522031423e-02
3.074399999999999977e+02 4.800000000000001599e+00 7.514536971038765500e-03
