# @150degrees Driver Frequency Hone2, Input Voltage, Output Voltage
1.599600000000000080e+02 2.500000000000000000e+00 1.201867296900971382e-03
1.606399999999999864e+02 2.509999999999999787e+00 3.752054731223530837e-03
1.612199999999999989e+02 2.519999999999999574e+00 8.852429599867761567e-03
1.618899999999999864e+02 2.529999999999999361e+00 1.108599269727532644e-01
1.625300000000000011e+02 2.539999999999999147e+00 3.454771709303887661e-01
1.632199999999999989e+02 2.549999999999998934e+00 4.755367300808170938e-01
1.639199999999999875e+02 2.559999999999998721e+00 4.933880421210723455e-01
1.646299999999999955e+02 2.569999999999998508e+00 3.990311070511536329e-01
1.652700000000000102e+02 2.579999999999998295e+00 2.944734222439464588e-01
1.668899999999999864e+02 2.589999999999998082e+00 2.995737971125906896e-01
1.671699999999999875e+02 2.599999999999997868e+00 2.026666746083494175e-01
1.678000000000000114e+02 2.609999999999997655e+00 1.108599269727532644e-01
1.684000000000000057e+02 2.619999999999997442e+00 6.240636572063262832e-02
1.691100000000000136e+02 2.629999999999997229e+00 8.852429599867761567e-03
1.697599999999999909e+02 2.639999999999997016e+00 6.302242165546090291e-03
1.704499999999999886e+02 2.649999999999996803e+00 3.752054731223530837e-03

