# @150degrees Driver Frequency Hone2, Input Voltage, Output Voltage
1.379999999999999893e+00 2.416175186857216772e-03
1.380999999999999783e+00 2.416175186857216772e-03
1.381999999999999673e+00 2.416175186857216772e-03
1.382999999999999563e+00 2.416175186857216772e-03
1.383999999999999453e+00 2.416175186857216772e-03
1.384999999999999343e+00 2.416175186857216772e-03
1.385999999999999233e+00 2.416175186857216772e-03
1.386999999999999122e+00 2.416175186857216772e-03
1.387999999999999012e+00 4.051867561372350934e-01
1.388999999999998902e+00 5.173507153892380472e-01
1.389999999999998792e+00 1.032285255591620654e+00
1.390999999999998682e+00 6.397113982096058749e-01
1.391999999999998572e+00 3.287113293745047571e-01
1.392999999999998462e+00 1.604653904964994382e-01
1.393999999999998352e+00 1.298752197914065931e-01
1.394999999999998241e+00 3.300634589194828550e-02
1.395999999999998131e+00 1.771126053940363931e-02
1.396999999999998021e+00 7.514536971038765500e-03
1.397999999999997911e+00 7.514536971038765500e-03
1.398999999999997801e+00 7.514536971038765500e-03
1.399999999999997691e+00 7.514536971038765500e-03
1.400999999999997581e+00 2.416175186857216772e-03
1.401999999999997470e+00 7.514536971038765500e-03
1.402999999999997360e+00 2.416175186857216772e-03
1.403999999999997250e+00 2.416175186857216772e-03
1.404999999999997140e+00 2.416175186857216772e-03
1.405999999999997030e+00 2.416175186857216772e-03
1.406999999999996920e+00 2.416175186857216772e-03
1.407999999999996810e+00 2.416175186857216772e-03
1.408999999999996700e+00 2.416175186857216772e-03
1.409999999999996589e+00 2.416175186857216772e-03
